Buffer Size     CPU #   Lines # Time (sec)
10485760        1       11000000        37.837
20971520        1       11000000        47.034
31457280        1       11000000        48.797
41943040        1       11000000        49.124
52428800        1       11000000        50.419
62914560        1       11000000        50.138
73400320        1       11000000        49.592
83886080        1       11000000        49.281
10485760        6       11000000        33.291
20971520        6       11000000        47.72
31457280        6       11000000        48.735
41943040        6       11000000        49.389
52428800        6       11000000        50.591
62914560        6       11000000        50.404
73400320        6       11000000        50.981
83886080        6       11000000        39.858
10485760        11      11000000        43.899
20971520        11      11000000        52.354
31457280        11      11000000        48.438
41943040        11      11000000        36.988
52428800        11      11000000        50.98
62914560        11      11000000        50.824
73400320        11      11000000        49.562
83886080        11      11000000        49.296
10485760        16      11000000        32.979
20971520        16      11000000        46.66
31457280        16      11000000        48.188
41943040        16      11000000        48.719
52428800        16      11000000        49.109
62914560        16      11000000        49.233
73400320        16      11000000        49.312
83886080        16      11000000        49.109
10485760        21      11000000        32.884
20971520        21      11000000        45.692
31457280        21      11000000        47.986
41943040        21      11000000        49.171
52428800        21      11000000        49.733
62914560        21      11000000        50.091
73400320        21      11000000        50.388
83886080        21      11000000        49.889
10485760        26      11000000        38.766
20971520        26      11000000        46.629
31457280        26      11000000        48.891
41943040        26      11000000        49.717
52428800        26      11000000        50.372
62914560        26      11000000        50.653
73400320        26      11000000        51.699
83886080        26      11000000        51.293